r1: 0.041928
l1: 0.016783
r2: 0.023739
l2: 0.038581
r3: 0.132961
l3: 0.014690
r4: 0.027297
l4: 0.023595
r5: 0.163990
l5: 0.013943
r6: 0.072777
l6: 0.487064
r7: 0.007770
l7: 0.795856
